# Divergence level: 0.25
# Matrix type: between-host
# Expected score: -1.348 Entropy: 7.48365 bits
     A   R   N   D   C   Q   E   G   H   I   L   K   M   F   P   S   T   W   Y   V   B   Z   X   *
A    9 -13  -4 -10 -11  -6  -9  -9  -7  -7  -3  -4  -7  -3 -10  -2   1 -15   0 -16  -5  -5  -3 -17
R  -13  12 -17  -6 -12  -2 -14   0 -12  -7 -11 -15 -12  -9   0  -5 -10   1  -5  -5 -13 -14  -3 -17
N   -4 -17   9  -9  -2 -12  -1 -15  -6 -10 -13   0  -7  -1 -15 -11  -8 -12  -5 -15   0   6  -4 -17
D  -10  -6  -9  12   0 -10  -5  -4   0 -10  -3  -3   0 -10  -7  -6  -6   2 -14 -11  -1  -2  -3 -17
C  -11 -12  -2   0  10 -12   0  -4  -6  -8  -1 -10  -2 -10 -16  -9  -8  -9 -13 -14  -7   6  -4 -17
Q   -6  -2 -12 -10 -12   9  -7   0  -6   0 -10 -11  -6 -11 -11  -4   0  -9   2 -14  -7 -12  -2 -17
E   -9 -14  -1  -5   0  -7   9 -10   0  -4  -9  -7   2  -6 -13  -5  -1 -13  -9 -12  -1  -1  -2 -17
G   -9   0 -15  -4  -4   0 -10   8 -12   0  -3 -15  -6 -14  -9  -5  -8  -8  -4  -6 -13  -6  -4 -17
H   -7 -12  -6   0  -6  -6   0 -12  10 -10  -9   2  -5  -7  -9   1   0  -3 -10 -17   6  -6  -3 -17
I   -7  -7 -10 -10  -8   0  -4   0 -10  12 -11 -13  -3 -12 -14  -9  -1 -15   0 -11 -11  -9  -3 -17
L   -3 -11 -13  -3  -1 -10  -9  -3  -9 -11  10 -13  -4 -11 -12  -1  -3 -11 -12 -13 -10  -3  -5 -17
K   -4 -15   0  -3 -10 -11  -7 -15   2 -13 -13  10 -11  -2 -14  -5  -6  -6  -5 -16   7   0  -3 -17
M   -7 -12  -7   0  -2  -6   2  -6  -5  -3  -4 -11   9  -2  -8  -2  -2  -9 -10  -5  -7  -3  -3 -17
F   -3  -9  -1 -10 -10 -11  -6 -14  -7 -12 -11  -2  -2   9  -5  -1  -7 -14  -5  -5  -4  -3  -4 -17
P  -10   0 -15  -7 -16 -11 -13  -9  -9 -14 -12 -14  -8  -5  13  -1  -6   0  -8  -2 -10 -16  -5 -17
S   -2  -5 -11  -6  -9  -4  -5  -5   1  -9  -1  -5  -2  -1  -1  10   0  -6  -9 -12   0 -10  -3 -17
T    1 -10  -8  -6  -8   0  -1  -8   0  -1  -3  -6  -2  -7  -6   0   9 -10  -4 -16  -2  -8  -2 -17
W  -15   1 -12   2  -9  -9 -13  -8  -3 -15 -11  -6  -9 -14   0  -6 -10  12 -12  -4  -4 -10  -4 -17
Y    0  -5  -5 -14 -13   2  -9  -4 -10   0 -12  -5 -10  -5  -8  -9  -4 -12   9 -16  -7  -7  -3 -17
V  -16  -5 -15 -11 -14 -14 -12  -6 -17 -11 -13 -16  -5  -5  -2 -12 -16  -4 -16  12 -16 -14  -8 -17
B   -5 -13   0  -1  -7  -7  -1 -13   6 -11 -10   7  -7  -4 -10   0  -2  -4  -7 -16  11  -2  -4 -17
Z   -5 -14   6  -2   6 -12  -1  -6  -6  -9  -3   0  -3  -3 -16 -10  -8 -10  -7 -14  -2  10  -4 -17
X   -3  -3  -4  -3  -4  -2  -2  -4  -3  -3  -5  -3  -3  -4  -5  -3  -2  -4  -3  -8  -4  -4  -3 -17
*  -17 -17 -17 -17 -17 -17 -17 -17 -17 -17 -17 -17 -17 -17 -17 -17 -17 -17 -17 -17 -17 -17 -17   1